	          0                             0

	          0 p        c                  0                     j   k   j             s
 I                                    l                        0 0 0 0 0 0 0
	          0 0 0 0 0 0 0 0 0 0 0 0 0     0          0    s             
	
	          0           c c c             0                  0            s     
	                                                     j
	          0     0 0 0 0 0 0 0 0 0 0 0 0 0                  0
	                                   s            0
I             0      c        c                           0                    H          h        c c  c   c       
		                                           
              0 0 0 0 0 0 0 0 0 0 0 0 0 0 0 0 0 0 0 0 0 0 0 0 0 0 0 0 0 0 0 0 0 0 0 0 0 0 0 0 0 0 0 0 0 0 0 0 0 0 0 0 0   c c  c            w lllll

-----------------------------------------------------------------------------------------------------------------------------------------------------------------------------------